control: sweep1008_control (sweep1008_control_sweep_log.csv)
new:     sweep1008_splitfix (sweep1008_splitfix_sweep_log.csv)
pairs: 126; control rows without wandb id (n_epochs NaN): 10
caveat: the fix changes training cells (~1450 -> 2250) AND the early-stopping validation set (~1050 -> 250) at once; this comparison cannot separate the two.

split sizes by decipher seed:
              n_train_control n_val_control n_train_new n_val_new
decipher_seed
1                        1450          1050        2250       250
2                        1495          1005        2250       250
3                        1465          1035        2250       250

pooled over sigma (63 pairs per model):
     model      metric   n       mean       sd  n_pos       se       p_t  p_wilcoxon
0   model5         rho  63  -0.005186  0.09235     35  0.01164    0.6573      0.7065
1   native         rho  63   -0.02022   0.1055     28   0.0133    0.1335      0.1486
2   model5    rho_plus  63   -0.01604   0.1382     29  0.01742    0.3605      0.4192
3   native    rho_plus  63      -0.03   0.1863     33  0.02347     0.206      0.7373
4   model5   rho_minus  63   -0.01401    0.123     37   0.0155    0.3697      0.7685
5   native   rho_minus  63     -0.018   0.1307     27  0.01647    0.2787      0.2029
6   model5  branch_asw  63  -0.001514  0.05537     30 0.006976    0.8288      0.8159
7   native  branch_asw  63      0.011  0.07815     28 0.009845    0.2683      0.7947
8   model5  r2_overall  63  0.0004224 0.001619     34 0.000204   0.04261     0.08326
9   native  r2_overall  63 -0.0005742 0.005572     29 0.000702    0.4165      0.6964
10  model5    n_epochs  58     -60.79    40.29      4     5.29 1.801e-16   1.211e-10
11  native    n_epochs  58     -55.36    31.03      2    4.074 1.589e-19   4.541e-11

by model x sigma (9 pairs each; noise_sd = decipher-seed SD):
     model  shift_sigma      metric  control_mean  new_mean  n       mean        sd  n_pos        se       p_t  p_wilcoxon  noise_sd
0   model5          0.1         rho        0.9804    0.9771  9  -0.003333  0.009356      5  0.003119    0.3164      0.8203  0.006853
1   model5          0.5         rho        0.9821    0.9813  9 -0.0007637  0.005547      3  0.001849    0.6904      0.6523  0.003387
2   model5            1         rho        0.9783    0.9763  9  -0.001989   0.01715      6  0.005716    0.7369      0.7344  0.008731
3   model5            2         rho        0.9473    0.9236  9   -0.02364   0.05649      5   0.01883    0.2447      0.8203   0.06982
4   model5            5         rho        0.7204    0.7475  9    0.02712   0.05194      6   0.01731    0.1559      0.2031    0.1008
5   model5          7.5         rho        0.7093    0.6464  9   -0.06299    0.1643      5   0.05476    0.2832      0.6523    0.1371
6   model5           10         rho        0.6141    0.6434  9    0.02929    0.1616      5   0.05387    0.6014      0.4258    0.1479
7   native          0.1         rho        0.9805    0.9757  9  -0.004748   0.01502      3  0.005006    0.3706      0.4258   0.01134
8   native          0.5         rho        0.9579    0.9532  9  -0.004656   0.02259      5  0.007528    0.5534      0.7344   0.02445
9   native            1         rho        0.8868    0.8394  9    -0.0474    0.1178      3   0.03926    0.2618      0.3008    0.0762
10  native            2         rho        0.6457     0.656  9    0.01027   0.06372      6   0.02124    0.6417      0.5703   0.05858
11  native            5         rho        0.4664    0.4166  9    -0.0498    0.1043      4   0.03477      0.19      0.3008   0.07077
12  native          7.5         rho         0.344     0.355  9    0.01109    0.1683      5   0.05609    0.8481      0.8203    0.1149
13  native           10         rho        0.3413     0.285  9   -0.05629      0.15      2      0.05    0.2929      0.3008   0.09767
14  model5          0.1    rho_plus        0.9786    0.9772  9  -0.001394  0.002971      4 0.0009903    0.1969        0.25  0.001796
15  model5          0.5    rho_plus        0.9773    0.9782  9  0.0009431  0.004034      4  0.001345    0.5029      0.7344  0.002041
16  model5            1    rho_plus        0.9766    0.9767  9  1.448e-05  0.003797      5  0.001266    0.9912      0.6523  0.002766
17  model5            2    rho_plus        0.9684    0.9668  9  -0.001597  0.006235      4  0.002078    0.4643      0.6523  0.003764
18  model5            5    rho_plus        0.6136    0.6784  9     0.0648    0.2199      6   0.07329    0.4024      0.5703    0.1449
19  model5          7.5    rho_plus          0.62    0.5083  9    -0.1116    0.2437      3   0.08123    0.2066      0.3008    0.1871
20  model5           10    rho_plus         0.568    0.5046  9   -0.06342    0.1379      3   0.04597     0.205        0.25    0.1619
21  native          0.1    rho_plus         0.975    0.9762  9   0.001167  0.005161      6   0.00172    0.5168      0.4258  0.004707
22  native          0.5    rho_plus         0.931    0.9258  9  -0.005223   0.02699      4  0.008996    0.5775      0.7344   0.05577
23  native            1    rho_plus        0.8508    0.7424  9    -0.1084    0.2947      2   0.09824     0.302      0.1641    0.1959
24  native            2    rho_plus        0.5822    0.5707  9   -0.01146    0.1819      6   0.06063    0.8547      0.9102    0.1533
25  native            5    rho_plus        0.3128    0.2022  9    -0.1106    0.1872      3    0.0624    0.1143      0.1289    0.1096
26  native          7.5    rho_plus        0.2266    0.2353  9   0.008722    0.2598      6    0.0866    0.9223      0.7344    0.1535
27  native           10    rho_plus        0.1803     0.196  9    0.01575    0.1592      6   0.05306    0.7742      0.8203    0.1212
28  model5          0.1   rho_minus        0.9791    0.9791  9  -2.37e-05  0.002177      6 0.0007256    0.9747      0.6523  0.001663
29  model5          0.5   rho_minus        0.9756    0.9781  9   0.002474  0.003941      7  0.001314   0.09638     0.09766  0.001785
30  model5            1   rho_minus        0.9745    0.9741  9 -0.0004021  0.007978      5  0.002659    0.8836      0.9102  0.004192
31  model5            2   rho_minus        0.9364    0.9248  9   -0.01163    0.1134      5   0.03781    0.7663           1   0.08675
32  model5            5   rho_minus        0.6235    0.6139  9  -0.009588    0.1638      4   0.05459    0.8649      0.7344    0.1644
33  model5          7.5   rho_minus        0.5235    0.4673  9    -0.0562    0.1647      4   0.05491    0.3361      0.4258    0.2127
34  model5           10   rho_minus        0.4669    0.4442  9   -0.02269    0.2181      6   0.07269     0.763           1    0.2196
35  native          0.1   rho_minus        0.9786    0.9793  9  0.0007011  0.003407      5  0.001136    0.5542           1  0.004995
36  native          0.5   rho_minus        0.9632    0.9543  9  -0.008847   0.03381      5   0.01127    0.4551      0.9102   0.02598
37  native            1   rho_minus        0.8351    0.8659  9    0.03078   0.09535      4   0.03178    0.3612      0.6523    0.0956
38  native            2   rho_minus        0.5126    0.5402  9    0.02758    0.1502      5   0.05008    0.5968      0.5703    0.1072
39  native            5   rho_minus        0.3636    0.2968  9   -0.06686    0.0873      2    0.0291   0.05065     0.07422    0.1706
40  native          7.5   rho_minus        0.3422    0.2316  9    -0.1106    0.1725      2   0.05751   0.09063     0.05469    0.1788
41  native           10   rho_minus        0.2492    0.2505  9   0.001271    0.2096      4   0.06988    0.9859           1    0.1582
42  model5          0.1  branch_asw        0.4808    0.4909  9    0.01009   0.02504      5  0.008345    0.2613      0.3008   0.03042
43  model5          0.5  branch_asw        0.5131    0.4945  9   -0.01853   0.06559      3   0.02186    0.4213        0.25   0.03703
44  model5            1  branch_asw        0.5214    0.5015  9   -0.01996   0.08278      3   0.02759      0.49      0.4961   0.04837
45  model5            2  branch_asw        0.5121    0.5205  9   0.008414   0.08854      4   0.02951    0.7828      0.7344   0.08411
46  model5            5  branch_asw        0.1261    0.1324  9   0.006294   0.03118      5   0.01039    0.5616      0.4961   0.03028
47  model5          7.5  branch_asw       0.03471   0.03968  9   0.004976   0.04499      5     0.015    0.7485      0.7344   0.02744
48  model5           10  branch_asw       0.01467   0.01279  9  -0.001879  0.007262      5  0.002421    0.4599           1  0.006251
49  native          0.1  branch_asw        0.4193    0.4765  9     0.0572    0.1626      5   0.05421    0.3221      0.4961   0.08306
50  native          0.5  branch_asw         0.432    0.4376  9   0.005604   0.07089      4   0.02363    0.8185           1   0.06949
51  native            1  branch_asw        0.3115    0.3265  9    0.01507    0.1125      5    0.0375    0.6983           1   0.07772
52  native            2  branch_asw        0.1236    0.1234  9 -0.0002779   0.01303      3  0.004344    0.9506      0.6523   0.06251
53  native            5  branch_asw     0.0009727 0.0008781  9 -9.461e-05 0.0005007      4 0.0001669    0.5863      0.6523 0.0009328
54  native          7.5  branch_asw     0.0008375  0.000409  9 -0.0004285   0.00217      3 0.0007232    0.5699      0.3594  0.001342
55  native           10  branch_asw     0.0004391  0.000346  9 -9.314e-05 0.0007964      4 0.0002655    0.7348      0.6523 0.0005679
56  model5          0.1  r2_overall         0.902     0.902  9  -2.92e-05 0.0009718      4 0.0003239    0.9304      0.8203 0.0009961
57  model5          0.5  r2_overall         0.901    0.9015  9  0.0004638  0.001889      4 0.0006295    0.4823      0.9102  0.001453
58  model5            1  r2_overall        0.9127    0.9131  9   0.000353  0.001149      5  0.000383    0.3836      0.6523  0.001345
59  model5            2  r2_overall         0.932    0.9327  9  0.0006313  0.001218      6 0.0004062    0.1587      0.1641  0.001631
60  model5            5  r2_overall        0.9577    0.9574  9 -0.0002882   0.00189      4 0.0006299    0.6595      0.8203   0.00098
61  model5          7.5  r2_overall        0.9617    0.9629  9   0.001236  0.002388      6 0.0007958    0.1591        0.25  0.002524
62  model5           10  r2_overall        0.9658    0.9664  9    0.00059  0.001452      5 0.0004838    0.2574      0.4258  0.001393
63  native          0.1  r2_overall        0.8924    0.8931  9  0.0007176  0.001062      7 0.0003539   0.07713     0.05469 0.0009183
64  native          0.5  r2_overall         0.805    0.8078  9   0.002757  0.005498      5  0.001833    0.1709        0.25  0.004719
65  native            1  r2_overall        0.7008     0.698  9  -0.002762  0.004515      2  0.001505    0.1038     0.07422  0.002939
66  native            2  r2_overall        0.6783    0.6779  9 -0.0003453  0.004268      6  0.001423    0.8144      0.8203  0.005607
67  native            5  r2_overall        0.7298    0.7274  9  -0.002472  0.008439      3  0.002813    0.4051      0.4258  0.004631
68  native          7.5  r2_overall        0.7384    0.7377  9 -0.0006633   0.00847      5  0.002823    0.8202      0.6523  0.005501
69  native           10  r2_overall        0.7388    0.7376  9  -0.001251  0.001826      1 0.0006086   0.07382     0.05469  0.007066
70  model5          0.1    n_epochs           214     140.1  9     -73.89     41.35      0     13.78 0.0006768    0.003906       NaN
71  model5          0.5    n_epochs         199.2     162.2  9        -37     30.96      1     10.32  0.007138     0.01172       NaN
72  model5            1    n_epochs         208.9     159.7  7     -54.86     40.74      1      15.4   0.01189     0.03125       NaN
73  model5            2    n_epochs         211.8     174.4  8        -35     52.49      2     18.56    0.1013     0.07812       NaN
74  model5            5    n_epochs         272.2     201.2  8     -73.12     38.89      0     13.75  0.001101    0.007812       NaN
75  model5          7.5    n_epochs         287.9     203.4  8     -73.38     25.38      0     8.974 7.928e-05    0.007812       NaN
76  model5           10    n_epochs         256.1     179.2  9     -76.89     35.01      0     11.67 0.0001714    0.003906       NaN
77  native          0.1    n_epochs         197.4     161.2  9     -36.22     32.18      0     10.73   0.00969    0.003906       NaN
78  native          0.5    n_epochs         202.9     142.2  8     -60.75     25.54      0     9.029 0.0002704    0.007812       NaN
79  native            1    n_epochs         229.3     160.2  7     -61.86     33.72      0     12.74   0.00284     0.01562       NaN
80  native            2    n_epochs         222.3     162.7  9     -59.67      27.6      1     9.198 0.0001908    0.007812       NaN
81  native            5    n_epochs           217     140.2  9     -76.78     24.88      0     8.293 1.504e-05    0.003906       NaN
82  native          7.5    n_epochs           222     157.9  8     -61.62     33.31      1     11.78  0.001208     0.01562       NaN
83  native           10    n_epochs         178.4     149.6  8     -30.62     20.96      0     7.409  0.004384    0.007812       NaN
