config,embedding,scope,metric,variable,mean,sd,n
BC-donor,v,donor1,batch_asw,site,0.8109637701714979,0.0075737215627593585,3
BC-donor,v,donor1,celltype_asw,cell_type,0.3401823736155662,0.13280647498525722,3
BC-donor,v,donor1,clisi_median,cell_type,1.0313970606899474,0.04524193745165504,3
BC-donor,v,donor1,clisi_score,cell_type,0.9960753674137566,0.005655242181456871,3
BC-donor,v,donor1,ilisi_median,site,2.3598712179886654,0.049916373658892864,3
BC-donor,v,donor1,ilisi_median_norm,site,0.4532904059962219,0.01663879121963095,3
BC-donor,v,donor1,kbet_acceptance,site,0.25843402947544875,0.041016805264787265,3
BC-donor,v,global,batch_asw,donor,0.8035664101054835,0.011075003015962129,3
BC-donor,v,global,batch_asw,sample,0.7807904948601098,0.016632844250445658,3
BC-donor,v,global,batch_asw,site,0.8651494276681809,0.013455321297909828,3
BC-donor,v,global,branch_asw,lineage,0.6689087112510826,0.02435305246346814,3
BC-donor,v,global,celltype_asw,cell_type,0.32674222072099296,0.1474426505915613,3
BC-donor,v,global,clisi_median,cell_type,1.033297138328729,0.05055278816556556,3
BC-donor,v,global,clisi_score,cell_type,0.9958378577089088,0.006319098520695697,3
BC-donor,v,global,ilisi_median,donor,3.544328757382528,0.02933700347440923,3
BC-donor,v,global,ilisi_median,sample,4.7510708579602765,0.03435530994588554,3
BC-donor,v,global,ilisi_median,site,2.371628994578537,0.005428434537378139,3
BC-donor,v,global,ilisi_median_norm,donor,0.318041094672816,0.003667125434301154,3
BC-donor,v,global,ilisi_median_norm,sample,0.34100644163275246,0.0031232099950805206,3
BC-donor,v,global,ilisi_median_norm,site,0.45720966485951237,0.0018094781791260642,3
BC-donor,v,global,kbet_acceptance,donor,0.280080280983442,0.009353379240824898,3
BC-donor,v,global,kbet_acceptance,sample,0.22707810670680717,0.020934739257085288,3
BC-donor,v,global,kbet_acceptance,site,0.3534370296036127,0.017625215805329778,3
BC-donor,v,set_erythroid,batch_asw,donor,0.7869255440124361,0.009651428357728128,3
BC-donor,v,set_erythroid,batch_asw,sample,0.7768936990988754,0.015201973521568326,3
BC-donor,v,set_erythroid,batch_asw,site,0.8522199249253571,0.021037083431412824,3
BC-donor,v,set_erythroid,celltype_asw,cell_type,0.42709183528974987,0.05101793249509572,3
BC-donor,v,set_erythroid,clisi_median,cell_type,1.0331233080361235,0.010974041972994248,3
BC-donor,v,set_erythroid,clisi_score,cell_type,0.9933753383927754,0.002194808394598828,3
BC-donor,v,set_erythroid,ilisi_median,donor,3.280034199637934,0.048198223780168206,3
BC-donor,v,set_erythroid,ilisi_median,sample,4.990547901421533,0.05346575159718731,3
BC-donor,v,set_erythroid,ilisi_median,site,2.7472881829597298,0.014386248106230206,3
BC-donor,v,set_erythroid,ilisi_median_norm,donor,0.28500427495474173,0.006024777972521026,3
BC-donor,v,set_erythroid,ilisi_median_norm,sample,0.3627770819474121,0.0048605228724715845,3
BC-donor,v,set_erythroid,ilisi_median_norm,site,0.5824293943199099,0.004795416035410068,3
BC-donor,v,set_erythroid,kbet_acceptance,donor,0.2889165628891656,0.00769732348204729,3
BC-donor,v,set_erythroid,kbet_acceptance,sample,0.14956169267208752,0.005567518346701184,3
BC-donor,v,set_erythroid,kbet_acceptance,site,0.2378824506141186,0.022932857514925662,3
BC-donor,v,set_erythroid,pkg_time_coverage,erythroid,0.9627133543330159,0.06401149511893608,3
BC-donor,v,set_erythroid,traj_coverage,erythroid,0.9388079017410202,0.08656730119858701,3
BC-donor,v,set_erythroid,traj_pearson,erythroid,0.9096006083908047,0.003782693166487,3
BC-donor,v,set_erythroid,traj_r2,erythroid,0.8273828059633166,0.006873427507398273,3
BC-donor,v,set_erythroid,traj_sign,erythroid,1.0,0.0,3
BC-donor,v,set_erythroid,traj_spearman,erythroid,0.9089724653475312,0.004214913661673459,3
BC-donor,v,set_myeloid,batch_asw,donor,0.818525074591034,0.0127532045101776,3
BC-donor,v,set_myeloid,batch_asw,sample,0.7837747533443012,0.01446084221695776,3
BC-donor,v,set_myeloid,batch_asw,site,0.8802910720047025,0.01443000435441305,3
BC-donor,v,set_myeloid,celltype_asw,cell_type,0.29764401127663215,0.1846371869710502,3
BC-donor,v,set_myeloid,clisi_median,cell_type,1.035165358793691,0.06090818809706012,3
BC-donor,v,set_myeloid,clisi_score,cell_type,0.9882782137354362,0.020302729365686716,3
BC-donor,v,set_myeloid,ilisi_median,donor,3.6582727871707577,0.03997073411654433,3
BC-donor,v,set_myeloid,ilisi_median,sample,4.660405011394552,0.023808082360064497,3
BC-donor,v,set_myeloid,ilisi_median,site,2.2254421739582173,0.00483709912329634,3
BC-donor,v,set_myeloid,ilisi_median_norm,donor,0.33228409839634476,0.004996341764568042,3
BC-donor,v,set_myeloid,ilisi_median_norm,sample,0.33276409194495926,0.00216437112364222,3
BC-donor,v,set_myeloid,ilisi_median_norm,site,0.4084807246527391,0.0016123663744321076,3
BC-donor,v,set_myeloid,kbet_acceptance,donor,0.5212334002101844,0.01653426569069118,3
BC-donor,v,set_myeloid,kbet_acceptance,sample,0.449973726951371,0.015852832999193895,3
BC-donor,v,set_myeloid,kbet_acceptance,site,0.5508741759816567,0.021182779902221196,3
BC-donor,v,set_myeloid,pkg_time_coverage,myeloid,0.47516002675074037,0.22921606811765466,3
BC-donor,v,set_myeloid,traj_coverage,myeloid,0.47427629693321866,0.22911344735579248,3
BC-donor,v,set_myeloid,traj_pearson,myeloid,0.8611306305146599,0.019999125312543664,3
BC-donor,v,set_myeloid,traj_r2,myeloid,0.7418126061527537,0.034345866314801424,3
BC-donor,v,set_myeloid,traj_sign,myeloid,1.0,0.0,3
BC-donor,v,set_myeloid,traj_spearman,myeloid,0.6437706924340832,0.04845498742415345,3
BC-donor,z,donor1,batch_asw,site,0.8515742476490251,0.0020977650716595183,3
BC-donor,z,donor1,celltype_asw,cell_type,0.39133542340376315,0.03323181244176939,3
BC-donor,z,donor1,clisi_median,cell_type,1.0000000000000007,1.5700924586837752e-16,3
BC-donor,z,donor1,clisi_score,cell_type,0.9999999999999999,0.0,3
BC-donor,z,donor1,ilisi_median,site,1.9619810842672505,0.015866165342004773,3
BC-donor,z,donor1,ilisi_median_norm,site,0.32066036142241683,0.005288721780668243,3
BC-donor,z,donor1,kbet_acceptance,site,0.13932155246676445,0.013573587165989987,3
BC-donor,z,global,batch_asw,donor,0.840569203363306,0.005282964828384343,3
BC-donor,z,global,batch_asw,sample,0.8332601208474596,0.005252557166731935,3
BC-donor,z,global,batch_asw,site,0.8888065341618164,0.003227443640104483,3
BC-donor,z,global,branch_asw,lineage,0.6436842700675537,0.039042677239119694,3
BC-donor,z,global,celltype_asw,cell_type,0.3781655115815397,0.0351059794641188,3
BC-donor,z,global,clisi_median,cell_type,1.0000000000000009,0.0,3
BC-donor,z,global,clisi_score,cell_type,0.9999999999999999,0.0,3
BC-donor,z,global,ilisi_median,donor,2.866225063258174,0.006331731287956425,3
BC-donor,z,global,ilisi_median,sample,3.5366691135694754,0.008234949122395026,3
BC-donor,z,global,ilisi_median,site,1.9848990775690056,0.014743914546941286,3
BC-donor,z,global,ilisi_median_norm,donor,0.23327813290727173,0.0007914664109945532,3
BC-donor,z,global,ilisi_median_norm,sample,0.23060628305177047,0.000748631738399552,3
BC-donor,z,global,ilisi_median_norm,site,0.3282996925230019,0.0049146381823137455,3
BC-donor,z,global,kbet_acceptance,donor,0.10849640408095,0.007036283954455058,3
BC-donor,z,global,kbet_acceptance,sample,0.049481518648603444,0.005589366039182554,3
BC-donor,z,global,kbet_acceptance,site,0.16196688409433016,0.008008906752164043,3
BC-donor,z,set_erythroid,batch_asw,donor,0.8239340629376004,0.003432666138663173,3
BC-donor,z,set_erythroid,batch_asw,sample,0.82490858174826,0.004632767692091578,3
BC-donor,z,set_erythroid,batch_asw,site,0.876229755382283,0.0030990654162076255,3
BC-donor,z,set_erythroid,celltype_asw,cell_type,0.4157434864024679,0.00907930355473689,3
BC-donor,z,set_erythroid,clisi_median,cell_type,1.0087680753555262,0.001386012837217746,3
BC-donor,z,set_erythroid,clisi_score,cell_type,0.9982463849288948,0.00027720256744351215,3
BC-donor,z,set_erythroid,ilisi_median,donor,2.8058101226759393,0.02408983024687831,3
BC-donor,z,set_erythroid,ilisi_median,sample,3.9054023265392352,0.041919056786733355,3
BC-donor,z,set_erythroid,ilisi_median,site,2.289112556344472,0.029630840532304862,3
BC-donor,z,set_erythroid,ilisi_median_norm,donor,0.2257262653344924,0.0030112287808597886,3
BC-donor,z,set_erythroid,ilisi_median_norm,sample,0.2641274842308396,0.0038108233442484944,3
BC-donor,z,set_erythroid,ilisi_median_norm,site,0.4297041854481574,0.009876946844101635,3
BC-donor,z,set_erythroid,kbet_acceptance,donor,0.1401850902253803,0.006704840199445967,3
BC-donor,z,set_erythroid,kbet_acceptance,sample,0.0700559177593827,0.007840079057700056,3
BC-donor,z,set_erythroid,kbet_acceptance,site,0.14360364320074231,0.0060271011952513906,3
BC-donor,z,set_myeloid,batch_asw,donor,0.8524070429564207,0.010202217735836128,3
BC-donor,z,set_myeloid,batch_asw,sample,0.8371521188185737,0.012194684475692196,3
BC-donor,z,set_myeloid,batch_asw,site,0.9069093004781675,0.0037473703379141826,3
BC-donor,z,set_myeloid,celltype_asw,cell_type,0.37204879403870955,0.049750525273036146,3
BC-donor,z,set_myeloid,clisi_median,cell_type,1.0000000000000004,0.0,3
BC-donor,z,set_myeloid,clisi_score,cell_type,0.9999999999999999,0.0,3
BC-donor,z,set_myeloid,ilisi_median,donor,2.9168404992216224,0.012274247932946304,3
BC-donor,z,set_myeloid,ilisi_median,sample,3.420035259916425,0.01909448939011898,3
BC-donor,z,set_myeloid,ilisi_median,site,1.8738363787114782,0.0248889734155077,3
BC-donor,z,set_myeloid,ilisi_median_norm,donor,0.23960506240270277,0.001534280991618288,3
BC-donor,z,set_myeloid,ilisi_median_norm,sample,0.22000320544694776,0.0017358626718289856,3
BC-donor,z,set_myeloid,ilisi_median_norm,site,0.29127879290382613,0.008296324471835901,3
BC-donor,z,set_myeloid,kbet_acceptance,donor,0.21401786567306771,0.006504364055266369,3
BC-donor,z,set_myeloid,kbet_acceptance,sample,0.12099933123148944,0.011918799137754033,3
BC-donor,z,set_myeloid,kbet_acceptance,site,0.2826860609534728,0.03511298497740294,3
BC-sample,v,donor1,batch_asw,site,0.8176735418608251,0.0036048441598203703,3
BC-sample,v,donor1,celltype_asw,cell_type,0.35620261998093133,0.04746513643122307,3
BC-sample,v,donor1,clisi_median,cell_type,1.0096028248079267,0.003527248786546323,3
BC-sample,v,donor1,clisi_score,cell_type,0.9987996468990091,0.00044090609831830784,3
BC-sample,v,donor1,ilisi_median,site,2.2824378644616545,0.053851438612540665,3
BC-sample,v,donor1,ilisi_median_norm,site,0.4274792881538849,0.017950479537513542,3
BC-sample,v,donor1,kbet_acceptance,site,0.24621079835160997,0.0340696768277951,3
BC-sample,v,global,batch_asw,donor,0.8081091827441739,0.0023614150449116356,3
BC-sample,v,global,batch_asw,sample,0.7952989154273378,0.003499643780004256,3
BC-sample,v,global,batch_asw,site,0.8722963632805681,0.005114267941845697,3
BC-sample,v,global,branch_asw,lineage,0.6658109281973957,0.010529804616491284,3
BC-sample,v,global,celltype_asw,cell_type,0.3506395428883688,0.043575910736111036,3
BC-sample,v,global,clisi_median,cell_type,1.0052747906848456,0.0033545353047960942,3
BC-sample,v,global,clisi_score,cell_type,0.9993406511643942,0.00041931691309951303,3
BC-sample,v,global,ilisi_median,donor,3.479317405673077,0.07260148712089752,3
BC-sample,v,global,ilisi_median,sample,4.59172296227822,0.03630743771591831,3
BC-sample,v,global,ilisi_median,site,2.316044175719428,0.02436286170289352,3
BC-sample,v,global,ilisi_median_norm,donor,0.3099146757091346,0.00907518589011219,3
BC-sample,v,global,ilisi_median_norm,sample,0.32652026929802,0.0033006761559925646,3
BC-sample,v,global,ilisi_median_norm,site,0.4386813919064761,0.008120953900964513,3
BC-sample,v,global,kbet_acceptance,donor,0.22949489881251042,0.022990978202702444,3
BC-sample,v,global,kbet_acceptance,sample,0.1843786586385683,0.008128462478747711,3
BC-sample,v,global,kbet_acceptance,site,0.3315939120254223,0.025832918167520962,3
BC-sample,v,set_erythroid,batch_asw,donor,0.7918715053081039,0.0037204429020084194,3
BC-sample,v,set_erythroid,batch_asw,sample,0.7942906142148697,0.002146545317278315,3
BC-sample,v,set_erythroid,batch_asw,site,0.8581370498299248,0.009721419306367076,3
BC-sample,v,set_erythroid,celltype_asw,cell_type,0.4245545731523172,0.023421472343522917,3
BC-sample,v,set_erythroid,clisi_median,cell_type,1.030915904562072,0.003025876730127808,3
BC-sample,v,set_erythroid,clisi_score,cell_type,0.9938168190875856,0.0006051753460255735,3
BC-sample,v,set_erythroid,ilisi_median,donor,3.2984202162118166,0.04245283365252934,3
BC-sample,v,set_erythroid,ilisi_median,sample,4.692321164505919,0.06931381907050095,3
BC-sample,v,set_erythroid,ilisi_median,site,2.652405318392001,0.04566897857838038,3
BC-sample,v,set_erythroid,ilisi_median_norm,donor,0.287302527026477,0.005306604206566167,3
BC-sample,v,set_erythroid,ilisi_median_norm,sample,0.33566556040962897,0.00630125627913645,3
BC-sample,v,set_erythroid,ilisi_median_norm,site,0.5508017727973337,0.01522299285946013,3
BC-sample,v,set_erythroid,kbet_acceptance,donor,0.25639147315215005,0.01352278709472156,3
BC-sample,v,set_erythroid,kbet_acceptance,sample,0.10839254755451372,0.008962956086468877,3
BC-sample,v,set_erythroid,kbet_acceptance,site,0.2381510512050399,0.024058679180780865,3
BC-sample,v,set_erythroid,pkg_time_coverage,erythroid,0.9612482602007179,0.0656608623817647,3
BC-sample,v,set_erythroid,traj_coverage,erythroid,0.9486240324274168,0.07765241927928128,3
BC-sample,v,set_erythroid,traj_pearson,erythroid,0.9199567806325607,0.008762006469824564,3
BC-sample,v,set_erythroid,traj_r2,erythroid,0.8463716600700767,0.016148669866359145,3
BC-sample,v,set_erythroid,traj_sign,erythroid,1.0,0.0,3
BC-sample,v,set_erythroid,traj_spearman,erythroid,0.9045925081019325,0.0054113255024854715,3
BC-sample,v,set_myeloid,batch_asw,donor,0.8257224375262323,0.009146826681228667,3
BC-sample,v,set_myeloid,batch_asw,sample,0.7935414346255772,0.010707551905189436,3
BC-sample,v,set_myeloid,batch_asw,site,0.8989764804896444,0.01214643272352712,3
BC-sample,v,set_myeloid,celltype_asw,cell_type,0.3311057916211914,0.056946063246322405,3
BC-sample,v,set_myeloid,clisi_median,cell_type,1.0008345611654115,0.0008695829811417921,3
BC-sample,v,set_myeloid,clisi_score,cell_type,0.9997218129448627,0.00028986099371393207,3
BC-sample,v,set_myeloid,ilisi_median,donor,3.5705386974073954,0.08607425700636978,3
BC-sample,v,set_myeloid,ilisi_median,sample,4.58417397696314,0.06494653135745124,3
BC-sample,v,set_myeloid,ilisi_median,site,2.2149906723983546,0.015216394862412295,3
BC-sample,v,set_myeloid,ilisi_median_norm,donor,0.3213173371759244,0.010759282125796223,3
BC-sample,v,set_myeloid,ilisi_median_norm,sample,0.3258339979057401,0.005904230123404655,3
BC-sample,v,set_myeloid,ilisi_median_norm,site,0.4049968907994516,0.005072131620804088,3
BC-sample,v,set_myeloid,kbet_acceptance,donor,0.432036400114646,0.0560321019763468,3
BC-sample,v,set_myeloid,kbet_acceptance,sample,0.3723846374319289,0.038686018519220974,3
BC-sample,v,set_myeloid,kbet_acceptance,site,0.4923927581924143,0.03630395559701319,3
BC-sample,v,set_myeloid,pkg_time_coverage,myeloid,0.47112353109773575,0.19310414560942354,3
BC-sample,v,set_myeloid,traj_coverage,myeloid,0.47047864717684146,0.1928147305127974,3
BC-sample,v,set_myeloid,traj_pearson,myeloid,0.8487642131218366,0.01793439634113742,3
BC-sample,v,set_myeloid,traj_r2,myeloid,0.7206151178577445,0.030289457135131134,3
BC-sample,v,set_myeloid,traj_sign,myeloid,1.0,0.0,3
BC-sample,v,set_myeloid,traj_spearman,myeloid,0.6149660165651493,0.1699430104219471,3
BC-sample,z,donor1,batch_asw,site,0.8442566922499478,0.00782899339029928,3
BC-sample,z,donor1,celltype_asw,cell_type,0.3709883569324961,0.05448952109981846,3
BC-sample,z,donor1,clisi_median,cell_type,1.000318829567603,0.0005522290100423043,3
BC-sample,z,donor1,clisi_score,cell_type,0.9999601463040496,6.902862625528002e-05,3
BC-sample,z,donor1,ilisi_median,site,2.0343144518542124,0.036986837090569824,3
BC-sample,z,donor1,ilisi_median_norm,site,0.34477148395140406,0.012328945696856615,3
BC-sample,z,donor1,kbet_acceptance,site,0.16702754301413236,0.022479498963361235,3
BC-sample,z,global,batch_asw,donor,0.8323246903942829,0.008420468527015926,3
BC-sample,z,global,batch_asw,sample,0.8268550057444276,0.008765685227581052,3
BC-sample,z,global,batch_asw,site,0.8870108750718569,0.007419192207513299,3
BC-sample,z,global,branch_asw,lineage,0.5962529682422008,0.05820634955638626,3
BC-sample,z,global,celltype_asw,cell_type,0.3536990032294664,0.0671925178349533,3
BC-sample,z,global,clisi_median,cell_type,1.0000000000000009,1.5700924586837752e-16,3
BC-sample,z,global,clisi_score,cell_type,0.9999999999999999,0.0,3
BC-sample,z,global,ilisi_median,donor,2.9197520776549006,0.0431224863823222,3
BC-sample,z,global,ilisi_median,sample,3.646918760027141,0.0280881683669021,3
BC-sample,z,global,ilisi_median,site,2.031930894801762,0.013455440259096783,3
BC-sample,z,global,ilisi_median_norm,donor,0.2399690097068626,0.005390310797790275,3
BC-sample,z,global,ilisi_median_norm,sample,0.24062897818428555,0.0025534698515365627,3
BC-sample,z,global,ilisi_median_norm,site,0.3439769649339206,0.004485146753032263,3
BC-sample,z,global,kbet_acceptance,donor,0.11712660980097006,0.009898795943486003,3
BC-sample,z,global,kbet_acceptance,sample,0.05828733901990299,0.001862308567442359,3
BC-sample,z,global,kbet_acceptance,site,0.18519819367787257,0.016514581552899674,3
BC-sample,z,set_erythroid,batch_asw,donor,0.8109067307312703,0.009015514600617358,3
BC-sample,z,set_erythroid,batch_asw,sample,0.8133571188101477,0.008820096715314144,3
BC-sample,z,set_erythroid,batch_asw,site,0.8698256348518986,0.008837301035431936,3
BC-sample,z,set_erythroid,celltype_asw,cell_type,0.39537285498488767,0.004692723463260496,3
BC-sample,z,set_erythroid,clisi_median,cell_type,1.0094441148793378,0.0023586708132750257,3
BC-sample,z,set_erythroid,clisi_score,cell_type,0.9981111770241324,0.0004717341626550127,3
BC-sample,z,set_erythroid,ilisi_median,donor,2.8624857560741526,0.04610304906518913,3
BC-sample,z,set_erythroid,ilisi_median,sample,3.9662098447303156,0.05499368800812999,3
BC-sample,z,set_erythroid,ilisi_median,site,2.3406331915162175,0.021787214892622017,3
BC-sample,z,set_erythroid,ilisi_median_norm,donor,0.2328107195092691,0.0057628811331486415,3
BC-sample,z,set_erythroid,ilisi_median_norm,sample,0.2696554404300287,0.0049994261825572865,3
BC-sample,z,set_erythroid,ilisi_median_norm,site,0.44687773050540586,0.0072624049642073555,3
BC-sample,z,set_erythroid,kbet_acceptance,donor,0.15700925451126901,0.020731125113730715,3
BC-sample,z,set_erythroid,kbet_acceptance,sample,0.0807022684540815,0.010930999803349214,3
BC-sample,z,set_erythroid,kbet_acceptance,site,0.1498302932630088,0.019668081589091307,3
BC-sample,z,set_myeloid,batch_asw,donor,0.8401070813731395,0.015832917606931098,3
BC-sample,z,set_myeloid,batch_asw,sample,0.8272354647101614,0.019250169371441028,3
BC-sample,z,set_myeloid,batch_asw,site,0.9018591385737048,0.010109774227841905,3
BC-sample,z,set_myeloid,celltype_asw,cell_type,0.3475236734367548,0.09658904305967073,3
BC-sample,z,set_myeloid,clisi_median,cell_type,1.0000000000000004,0.0,3
BC-sample,z,set_myeloid,clisi_score,cell_type,0.9999999999999999,0.0,3
BC-sample,z,set_myeloid,ilisi_median,donor,2.969173063587116,0.044605990206939616,3
BC-sample,z,set_myeloid,ilisi_median,sample,3.5423868086193964,0.036940201389026095,3
BC-sample,z,set_myeloid,ilisi_median,site,1.93444143188074,0.025721431139631844,3
BC-sample,z,set_myeloid,ilisi_median_norm,donor,0.24614663294838954,0.005575748775867453,3
BC-sample,z,set_myeloid,ilisi_median_norm,sample,0.2311260735108542,0.003358200126275093,3
BC-sample,z,set_myeloid,ilisi_median_norm,site,0.3114804772935799,0.008573810379877284,3
BC-sample,z,set_myeloid,kbet_acceptance,donor,0.21891420655393143,0.021738693478599705,3
BC-sample,z,set_myeloid,kbet_acceptance,sample,0.1337178752269036,0.016128558836219244,3
BC-sample,z,set_myeloid,kbet_acceptance,site,0.3107026846278781,0.013356286244587496,3
BC-site,v,donor1,batch_asw,site,0.8135976418312098,0.01062828176255602,3
BC-site,v,donor1,celltype_asw,cell_type,0.3190238809047445,0.13368658775777595,3
BC-site,v,donor1,clisi_median,cell_type,1.0297613346314227,0.04357235112505858,3
BC-site,v,donor1,clisi_score,cell_type,0.9962798331710722,0.005446543890632343,3
BC-site,v,donor1,ilisi_median,site,2.3033232819597558,0.15482497878020665,3
BC-site,v,donor1,ilisi_median_norm,site,0.43444109398658526,0.051608326260068886,3
BC-site,v,donor1,kbet_acceptance,site,0.278410281483551,0.07933873021980417,3
BC-site,v,global,batch_asw,donor,0.7862243882167018,0.006258165387622681,3
BC-site,v,global,batch_asw,sample,0.783413317211724,0.005536987067817315,3
BC-site,v,global,batch_asw,site,0.8661211766220726,0.011614177533445302,3
BC-site,v,global,branch_asw,lineage,0.636892109684433,0.0205426849352017,3
BC-site,v,global,celltype_asw,cell_type,0.29195721352875736,0.16190183582098072,3
BC-site,v,global,clisi_median,cell_type,1.0426832824034697,0.06907340562950845,3
BC-site,v,global,clisi_score,cell_type,0.9946645896995663,0.008634175703688556,3
BC-site,v,global,ilisi_median,donor,3.3173181833865732,0.02483326017000807,3
BC-site,v,global,ilisi_median,sample,4.459748176655627,0.13849620052754485,3
BC-site,v,global,ilisi_median,site,2.3132948731639775,0.040820507840585614,3
BC-site,v,global,ilisi_median_norm,donor,0.28966477292332166,0.0031041575212510087,3
BC-site,v,global,ilisi_median_norm,sample,0.314522561514148,0.012590563684322245,3
BC-site,v,global,ilisi_median_norm,site,0.43776495772132584,0.013606835946861863,3
BC-site,v,global,kbet_acceptance,donor,0.18879411272788094,0.028588834293645185,3
BC-site,v,global,kbet_acceptance,sample,0.1535373808329152,0.034147851261721617,3
BC-site,v,global,kbet_acceptance,site,0.34426325472487035,0.04499038067364651,3
BC-site,v,set_erythroid,batch_asw,donor,0.7758970135355466,0.007471862826896316,3
BC-site,v,set_erythroid,batch_asw,sample,0.7820083924448417,0.005164059890793989,3
BC-site,v,set_erythroid,batch_asw,site,0.8564978758557288,0.014670505329104905,3
BC-site,v,set_erythroid,celltype_asw,cell_type,0.3881156176133626,0.03438337836407042,3
BC-site,v,set_erythroid,clisi_median,cell_type,1.0619748042288688,0.02141825119425739,3
BC-site,v,set_erythroid,clisi_score,cell_type,0.9876050391542263,0.004283650238851467,3
BC-site,v,set_erythroid,ilisi_median,donor,3.2586641213766114,0.045752159996999275,3
BC-site,v,set_erythroid,ilisi_median,sample,4.826776040137365,0.07355241384498684,3
BC-site,v,set_erythroid,ilisi_median,site,2.6435753701108275,0.04741560230145698,3
BC-site,v,set_erythroid,ilisi_median_norm,donor,0.28233301517207643,0.005719019999624909,3
BC-site,v,set_erythroid,ilisi_median_norm,sample,0.34788873092157874,0.00668658307681697,3
BC-site,v,set_erythroid,ilisi_median_norm,site,0.5478584567036092,0.015805200767152305,3
BC-site,v,set_erythroid,kbet_acceptance,donor,0.3090127707371865,0.01268160069448862,3
BC-site,v,set_erythroid,kbet_acceptance,sample,0.14853612677947892,0.014613594868603388,3
BC-site,v,set_erythroid,kbet_acceptance,site,0.2106316997533758,0.01652901729305286,3
BC-site,v,set_erythroid,pkg_time_coverage,erythroid,0.9431299294312993,0.05695393658580703,3
BC-site,v,set_erythroid,traj_coverage,erythroid,0.8999340707640465,0.08569936600514215,3
BC-site,v,set_erythroid,traj_pearson,erythroid,0.9067819343901175,0.007475186824248051,3
BC-site,v,set_erythroid,traj_r2,erythroid,0.8222907288149884,0.013527293402269432,3
BC-site,v,set_erythroid,traj_sign,erythroid,1.0,0.0,3
BC-site,v,set_erythroid,traj_spearman,erythroid,0.9116784230910792,0.004028335913879615,3
BC-site,v,set_myeloid,batch_asw,donor,0.7922769637051621,0.01345203389878521,3
BC-site,v,set_myeloid,batch_asw,sample,0.7762089469306815,0.016693630174153866,3
BC-site,v,set_myeloid,batch_asw,site,0.8768547122551672,0.00918880852258674,3
BC-site,v,set_myeloid,celltype_asw,cell_type,0.263703084078126,0.21380394482723028,3
BC-site,v,set_myeloid,clisi_median,cell_type,1.0502277528338375,0.086997019858217,3
BC-site,v,set_myeloid,clisi_score,cell_type,0.9832574157220542,0.028999006619405663,3
BC-site,v,set_myeloid,ilisi_median,donor,3.3824333609490616,0.048103809776977265,3
BC-site,v,set_myeloid,ilisi_median,sample,4.3190146277087,0.16872702457804026,3
BC-site,v,set_myeloid,ilisi_median,site,2.2046696029790787,0.04065716645863333,3
BC-site,v,set_myeloid,ilisi_median_norm,donor,0.2978041701186327,0.006012976222122158,3
BC-site,v,set_myeloid,ilisi_median_norm,sample,0.30172860251897277,0.015338820416185499,3
BC-site,v,set_myeloid,ilisi_median_norm,site,0.4015565343263596,0.013552388819544464,3
BC-site,v,set_myeloid,kbet_acceptance,donor,0.28772570937231295,0.023497329249959953,3
BC-site,v,set_myeloid,kbet_acceptance,sample,0.24688306104901117,0.05042668037518703,3
BC-site,v,set_myeloid,kbet_acceptance,site,0.5063533008502913,0.08834957175365027,3
BC-site,v,set_myeloid,pkg_time_coverage,myeloid,0.5840856979077099,0.11826715048868514,3
BC-site,v,set_myeloid,traj_coverage,myeloid,0.5683935224992834,0.09849267984482087,3
BC-site,v,set_myeloid,traj_pearson,myeloid,0.8586601726024532,0.033777658480127384,3
BC-site,v,set_myeloid,traj_r2,myeloid,0.7380579121552748,0.05862379682229175,3
BC-site,v,set_myeloid,traj_sign,myeloid,1.0,0.0,3
BC-site,v,set_myeloid,traj_spearman,myeloid,0.6722530160234994,0.06325838159785926,3
BC-site,z,donor1,batch_asw,site,0.8572407415299366,0.007962133426479029,3
BC-site,z,donor1,celltype_asw,cell_type,0.38066404660756925,0.011083507686793226,3
BC-site,z,donor1,clisi_median,cell_type,1.0000000000000007,2.220446049250313e-16,3
BC-site,z,donor1,clisi_score,cell_type,0.9999999999999999,0.0,3
BC-site,z,donor1,ilisi_median,site,1.8526970798570048,0.04111868980407306,3
BC-site,z,donor1,ilisi_median_norm,site,0.284232359952335,0.01370622993469101,3
BC-site,z,donor1,kbet_acceptance,site,0.12965937929268237,0.014266987123615087,3
BC-site,z,global,batch_asw,donor,0.8464401670007683,0.004197618390703032,3
BC-site,z,global,batch_asw,sample,0.8399597055992548,0.005198593513977528,3
BC-site,z,global,batch_asw,site,0.8930165857949702,0.005059584430682225,3
BC-site,z,global,branch_asw,lineage,0.6157162252974552,0.03289716354697147,3
BC-site,z,global,celltype_asw,cell_type,0.37842844253899605,0.016409520936094192,3
BC-site,z,global,clisi_median,cell_type,1.0000000000000009,1.5700924586837752e-16,3
BC-site,z,global,clisi_score,cell_type,0.9999999999999999,0.0,3
BC-site,z,global,ilisi_median,donor,2.6849581222599785,0.07418525563873074,3
BC-site,z,global,ilisi_median,sample,3.292918798774257,0.08435841743901026,3
BC-site,z,global,ilisi_median,site,1.971779371683992,0.053937948693897765,3
BC-site,z,global,ilisi_median_norm,donor,0.21061976528249735,0.009273156954841343,3
BC-site,z,global,ilisi_median_norm,sample,0.20844716352493245,0.007668947039910022,3
BC-site,z,global,ilisi_median_norm,site,0.32392645722799734,0.017979316231299256,3
BC-site,z,global,kbet_acceptance,donor,0.07899314266599766,0.019440870883318286,3
BC-site,z,global,kbet_acceptance,sample,0.03054858672018732,0.005838743632832717,3
BC-site,z,global,kbet_acceptance,site,0.17116574678039806,0.027872738352000905,3
BC-site,z,set_erythroid,batch_asw,donor,0.8332023040854856,0.007037552196262702,3
BC-site,z,set_erythroid,batch_asw,sample,0.8316009885614006,0.007803543164962274,3
BC-site,z,set_erythroid,batch_asw,site,0.8836233547695276,0.007967155399955538,3
BC-site,z,set_erythroid,celltype_asw,cell_type,0.3835150042150286,0.03302013734817326,3
BC-site,z,set_erythroid,clisi_median,cell_type,1.0095378832981685,0.0016124106635211912,3
BC-site,z,set_erythroid,clisi_score,cell_type,0.9980924233403664,0.00032248213270426925,3
BC-site,z,set_erythroid,ilisi_median,donor,2.750467084712003,0.0629639513735774,3
BC-site,z,set_erythroid,ilisi_median,sample,3.804101300542339,0.12494617198315337,3
BC-site,z,set_erythroid,ilisi_median,site,2.2913651356784825,0.08047824023178364,3
BC-site,z,set_erythroid,ilisi_median_norm,donor,0.21880838558900037,0.007870493921697174,3
BC-site,z,set_erythroid,ilisi_median_norm,sample,0.2549183000493036,0.011358742907559397,3
BC-site,z,set_erythroid,ilisi_median_norm,site,0.4304550452261609,0.02682608007726121,3
BC-site,z,set_erythroid,kbet_acceptance,donor,0.13420262251849682,0.027590780132456683,3
BC-site,z,set_erythroid,kbet_acceptance,sample,0.06580714477571852,0.010399674629032013,3
BC-site,z,set_erythroid,kbet_acceptance,site,0.13205381779112643,0.019902150246099638,3
BC-site,z,set_myeloid,batch_asw,donor,0.8497256417247919,0.0077197917797982765,3
BC-site,z,set_myeloid,batch_asw,sample,0.8407905532670568,0.018054029754059217,3
BC-site,z,set_myeloid,batch_asw,site,0.9057664207769899,0.008060780145900556,3
BC-site,z,set_myeloid,celltype_asw,cell_type,0.387485327827037,0.03979416249791771,3
BC-site,z,set_myeloid,clisi_median,cell_type,1.0000000000000004,0.0,3
BC-site,z,set_myeloid,clisi_score,cell_type,0.9999999999999999,0.0,3
BC-site,z,set_myeloid,ilisi_median,donor,2.694868123305138,0.09034719903212413,3
BC-site,z,set_myeloid,ilisi_median,sample,3.1021110175029776,0.08825852524158119,3
BC-site,z,set_myeloid,ilisi_median,site,1.8423351304557432,0.06231760713116647,3
BC-site,z,set_myeloid,ilisi_median_norm,donor,0.21185851541314227,0.011293399879015516,3
BC-site,z,set_myeloid,ilisi_median_norm,sample,0.1911010015911798,0.008023502294689192,3
BC-site,z,set_myeloid,ilisi_median_norm,site,0.280778376818581,0.02077253571038884,3
BC-site,z,set_myeloid,kbet_acceptance,donor,0.1282602464889653,0.03431632082651335,3
BC-site,z,set_myeloid,kbet_acceptance,sample,0.05233113595108436,0.011516119060192953,3
BC-site,z,set_myeloid,kbet_acceptance,site,0.2567951657590523,0.043881840074727334,3
native,v,donor1,batch_asw,site,0.8193816845685026,0.0012953419501793508,3
native,v,donor1,celltype_asw,cell_type,0.22792777726265281,0.07646577103982584,3
native,v,donor1,clisi_median,cell_type,1.0558719778468457,0.044804525583440516,3
native,v,donor1,clisi_score,cell_type,0.9930160027691443,0.005600565697930038,3
native,v,donor1,ilisi_median,site,2.200243317231854,0.06378607132515669,3
native,v,donor1,ilisi_median_norm,site,0.4000811057439515,0.021262023775052243,3
native,v,donor1,kbet_acceptance,site,0.18581639542734743,0.017146605396845392,3
native,v,global,batch_asw,donor,0.7814518382678863,0.003375514858462508,3
native,v,global,batch_asw,sample,0.7725488712487869,0.0023608001012855244,3
native,v,global,batch_asw,site,0.8620436243255417,0.0056907822725511805,3
native,v,global,branch_asw,lineage,0.6180212261161714,0.03913320520608458,3
native,v,global,celltype_asw,cell_type,0.16890614084247077,0.08398495444974556,3
native,v,global,clisi_median,cell_type,1.0730100367473059,0.06270883550356553,3
native,v,global,clisi_score,cell_type,0.9908737454065868,0.007838604437945674,3
native,v,global,ilisi_median,donor,3.1274674628658787,0.03752766642303934,3
native,v,global,ilisi_median,sample,4.197163081176993,0.08485662932065441,3
native,v,global,ilisi_median,site,2.1933514154297273,0.027186260444623342,3
native,v,global,ilisi_median_norm,donor,0.26593343285823484,0.004690958302879918,3
native,v,global,ilisi_median_norm,sample,0.2906511891979084,0.007714239029150392,3
native,v,global,ilisi_median_norm,site,0.39778380514324235,0.009062086814874444,3
native,v,global,kbet_acceptance,donor,0.11992808161899983,0.01731470120858796,3
native,v,global,kbet_acceptance,sample,0.06966047834085967,0.026276712780926553,3
native,v,global,kbet_acceptance,site,0.2203545743435357,0.0031975228150143377,3
native,v,set_erythroid,batch_asw,donor,0.7769693072020423,0.00274484753009386,3
native,v,set_erythroid,batch_asw,sample,0.7770586499516084,0.0008320227801477452,3
native,v,set_erythroid,batch_asw,site,0.8558950176895647,0.007969654767662654,3
native,v,set_erythroid,celltype_asw,cell_type,0.38973841707903106,0.007718205445061669,3
native,v,set_erythroid,clisi_median,cell_type,1.0505874494225365,0.019922131966441426,3
native,v,set_erythroid,clisi_score,cell_type,0.9898825101154927,0.003984426393288292,3
native,v,set_erythroid,ilisi_median,donor,3.183637264229981,0.08028518506496725,3
native,v,set_erythroid,ilisi_median,sample,4.835669166013399,0.09754216661744902,3
native,v,set_erythroid,ilisi_median,site,2.6760925665740536,0.012677914035451059,3
native,v,set_erythroid,ilisi_median_norm,donor,0.27295465802874763,0.010035648133120906,3
native,v,set_erythroid,ilisi_median_norm,sample,0.3486971969103089,0.008867469692495376,3
native,v,set_erythroid,ilisi_median_norm,site,0.5586975221913512,0.004225971345150333,3
native,v,set_erythroid,kbet_acceptance,donor,0.24913925719727492,0.021521554600797833,3
native,v,set_erythroid,kbet_acceptance,sample,0.16023246160232463,0.014702191026225626,3
native,v,set_erythroid,kbet_acceptance,site,0.2471613801186726,0.035027012011298014,3
native,v,set_erythroid,pkg_time_coverage,erythroid,0.9686469855688228,0.05303625581816947,3
native,v,set_erythroid,traj_coverage,erythroid,0.9575611066344346,0.047446340770947545,3
native,v,set_erythroid,traj_pearson,erythroid,0.9000481098499371,0.011023198443382098,3
native,v,set_erythroid,traj_r2,erythroid,0.810167607313726,0.01983447087834856,3
native,v,set_erythroid,traj_sign,erythroid,1.0,0.0,3
native,v,set_erythroid,traj_spearman,erythroid,0.9049080814436036,0.00141437599797115,3
native,v,set_myeloid,batch_asw,donor,0.784176459936115,0.005262245041435263,3
native,v,set_myeloid,batch_asw,sample,0.7652247670009568,0.005684035308226249,3
native,v,set_myeloid,batch_asw,site,0.8685768151089386,0.004645061928197356,3
native,v,set_myeloid,celltype_asw,cell_type,0.09835753096144347,0.11943563962311154,3
native,v,set_myeloid,clisi_median,cell_type,1.0847345790487488,0.09183194390758893,3
native,v,set_myeloid,clisi_score,cell_type,0.9717551403170838,0.030610647969196277,3
native,v,set_myeloid,ilisi_median,donor,3.164526543214974,0.032525520914041595,3
native,v,set_myeloid,ilisi_median,sample,3.870915450730631,0.07683498159273949,3
native,v,set_myeloid,ilisi_median,site,1.9768546264566218,0.02748991400696682,3
native,v,set_myeloid,ilisi_median_norm,donor,0.27056581790187173,0.004065690114255199,3
native,v,set_myeloid,ilisi_median_norm,sample,0.26099231370278464,0.006984998326612676,3
native,v,set_myeloid,ilisi_median_norm,site,0.325618208818874,0.009163304668988929,3
native,v,set_myeloid,kbet_acceptance,donor,0.17581446450749974,0.02171018547368487,3
native,v,set_myeloid,kbet_acceptance,sample,0.10745676889271043,0.04014188309177889,3
native,v,set_myeloid,kbet_acceptance,site,0.2571773191936563,0.01721482110616292,3
native,v,set_myeloid,pkg_time_coverage,myeloid,0.5106167001050922,0.05090835562642159,3
native,v,set_myeloid,traj_coverage,myeloid,0.5098404509410528,0.05100723425676424,3
native,v,set_myeloid,traj_pearson,myeloid,0.846811731055057,0.024293687531518313,3
native,v,set_myeloid,traj_r2,myeloid,0.7174835633550484,0.041484944932903944,3
native,v,set_myeloid,traj_sign,myeloid,1.0,0.0,3
native,v,set_myeloid,traj_spearman,myeloid,0.6519241447451393,0.05276128807360457,3
native,z,donor1,batch_asw,site,0.8551297757329807,0.005027920273489382,3
native,z,donor1,celltype_asw,cell_type,0.3055431761011818,0.01690793408505294,3
native,z,donor1,clisi_median,cell_type,1.000000000000001,3.510833468576701e-16,3
native,z,donor1,clisi_score,cell_type,0.9999999999999999,1.9229626863835638e-16,3
native,z,donor1,ilisi_median,site,1.7626112774288545,0.018705633276593876,3
native,z,donor1,ilisi_median_norm,site,0.25420375914295146,0.006235211092197948,3
native,z,donor1,kbet_acceptance,site,0.12851854438779073,0.0083457708248831,3
native,z,global,batch_asw,donor,0.8263566529673638,0.011119643534030539,3
native,z,global,batch_asw,sample,0.8279925298602971,0.006236800953135689,3
native,z,global,batch_asw,site,0.8833786435990651,0.006263966181435907,3
native,z,global,branch_asw,lineage,0.6316141769033855,0.03355638830633374,3
native,z,global,celltype_asw,cell_type,0.26264738700957185,0.0305665628115337,3
native,z,global,clisi_median,cell_type,1.000000000000001,2.220446049250313e-16,3
native,z,global,clisi_score,cell_type,0.9999999999999999,0.0,3
native,z,global,ilisi_median,donor,2.4565468234032024,0.032960485484795174,3
native,z,global,ilisi_median,sample,3.054009436446138,0.03552826534492305,3
native,z,global,ilisi_median,site,1.824826093846906,0.038005986858575716,3
native,z,global,ilisi_median_norm,donor,0.18206835292540033,0.004120060685599397,3
native,z,global,ilisi_median_norm,sample,0.18672813058601254,0.0032298423040839136,3
native,z,global,ilisi_median_norm,site,0.27494203128230205,0.012668662286191892,3
native,z,global,kbet_acceptance,donor,0.05842950326141496,0.005937759850833533,3
native,z,global,kbet_acceptance,sample,0.011180799464793445,0.0007048438704032608,3
native,z,global,kbet_acceptance,site,0.14453085800301055,0.005806892623734429,3
native,z,set_erythroid,batch_asw,donor,0.8136519840397338,0.016005013835367902,3
native,z,set_erythroid,batch_asw,sample,0.8151458507056422,0.010940672024923511,3
native,z,set_erythroid,batch_asw,site,0.8716121549716588,0.0074240915866405615,3
native,z,set_erythroid,celltype_asw,cell_type,0.4018128248735738,0.018492974840925602,3
native,z,set_erythroid,clisi_median,cell_type,1.0111090454571483,0.001054029741188688,3
native,z,set_erythroid,clisi_score,cell_type,0.9977781909085705,0.00021080594823773288,3
native,z,set_erythroid,ilisi_median,donor,2.595672296984963,0.03709491811567718,3
native,z,set_erythroid,ilisi_median,sample,3.6886162745172704,0.060629218683259316,3
native,z,set_erythroid,ilisi_median,site,2.237284425401169,0.025610187344300463,3
native,z,set_erythroid,ilisi_median_norm,donor,0.19945903712312033,0.004636864764459648,3
native,z,set_erythroid,ilisi_median_norm,sample,0.24441966131975182,0.005511747153023569,3
native,z,set_erythroid,ilisi_median_norm,site,0.41242814180038967,0.008536729114766842,3
native,z,set_erythroid,kbet_acceptance,donor,0.10870998461651162,0.00379866446779406,3
native,z,set_erythroid,kbet_acceptance,sample,0.054818938783483505,0.0037569976868676224,3
native,z,set_erythroid,kbet_acceptance,site,0.14035601787414842,0.005603386537913154,3
native,z,set_myeloid,batch_asw,donor,0.8347961806406873,0.003340507838849562,3
native,z,set_myeloid,batch_asw,sample,0.8391842568671061,0.004450014600644187,3
native,z,set_myeloid,batch_asw,site,0.8981332582294105,0.0057798967057095495,3
native,z,set_myeloid,celltype_asw,cell_type,0.2160436653823444,0.04253714866610032,3
native,z,set_myeloid,clisi_median,cell_type,1.0000000000000007,0.0,3
native,z,set_myeloid,clisi_score,cell_type,0.9999999999999997,1.3597399555105182e-16,3
native,z,set_myeloid,ilisi_median,donor,2.4322235598818147,0.04343571345863662,3
native,z,set_myeloid,ilisi_median,sample,2.7683356709509552,0.048415562386299696,3
native,z,set_myeloid,ilisi_median,site,1.5824280991786328,0.039571597923607926,3
native,z,set_myeloid,ilisi_median_norm,donor,0.17902794498522687,0.005429464182329578,3
native,z,set_myeloid,ilisi_median_norm,sample,0.16075778826826864,0.004401414762390881,3
native,z,set_myeloid,ilisi_median_norm,site,0.19414269972621098,0.013190532641202646,3
native,z,set_myeloid,kbet_acceptance,donor,0.08118372026368587,0.009010942215717379,3
native,z,set_myeloid,kbet_acceptance,sample,0.012252794496990542,0.0011030957522456756,3
native,z,set_myeloid,kbet_acceptance,site,0.16403936180376422,0.02123510954185145,3
